Trucks:
1: [30, 1, 20]
2: [29, 1, 20]
3: [28, 1, 19]
4: [27, 1, 15]
5: [26, 1, 18]
6: [25, 1, 17]
7: [24, 1, 16]
8: [23, 1, 15]
9: [22, 1, 14]
10: [21, 1, 13]
11: [20, 1, 13]
12: [19, 1, 12]
13: [18, 1, 11]
14: [17, 1, 10]
15: [16, 1, 10]
16: [15, 1, 9]
17: [14, 1, 8]
18: [13, 1, 9]
19: [12, 1, 7]
20: [11, 1, 8]
21: [10, 1, 4]
22: [9, 1, 7]
23: [8, 1, 6]
24: [7, 1, 5]
25: [6, 1, 4]
26: [5, 1, 3]
27: [4, 1, 2]
28: [3, 1, 1]
29: [2, 1, 1]
30: [1, 1, 21]
Technicians:
1: [30, 2, 6]
2: [29, 2, 6]
3: [28, 2, 5]
4: [27, 2, 5]
5: [26, 2, 5]
6: [25, 2, 2]
7: [24, 2, 5]
8: [23, 2, 5]
9: [22, 2, 5]
10: [21, 2, 5]
11: [20, 2, 4]
12: [19, 2, 4]
13: [18, 2, 4]
14: [17, 2, 4]
15: [16, 2, 2]
16: [15, 2, 1]
17: [14, 2, 1]
18: [13, 2, 4]
19: [12, 2, 1]
20: [11, 2, 1]
21: [10, 2, 4]
22: [9, 2, 1]
23: [8, 2, 4]
24: [7, 2, 4]
25: [6, 2, 4]
26: [5, 2, 1]
27: [4, 2, 1]
28: [3, 2, 1]
29: [2, 2, 1]
30: [1, 2, 6]
Workdays:
1: [0, 1, 0, 0, 0]
2: [0, 1, 0, 0, 0]
3: [0, 0, 0, 0, 0]
4: [0, 1, 0, 0, 0]
5: [0, 1, 0, 0, 0]
6: [0, 1, 0, 0, 0]
7: [0, 0, 0, 0, 0]
8: [0, 0, 0, 0, 0]
9: [0, 0, 0, 0, 0]
10: [0, 0, 0, 0, 0]
11: [0, 0, 0, 0, 0]
12: [0, 0, 0, 0, 0]
13: [0, 0, 0, 0, 0]
14: [0, 0, 0, 0, 0]
15: [0, 0, 0, 0, 0]
16: [0, 0, 0, 0, 0]
17: [0, 0, 0, 0, 0]
18: [0, 0, 0, 0, 0]
19: [0, 0, 0, 0, 0]
20: [0, 0, 0, 0, 0]
Order:[30, 29, 28, 27, 26, 25, 24, 23, 22, 21, 20, 19, 18, 17, 16, 15, 14, 13, 12, 11, 10, 9, 8, 7, 6, 5, 4, 3, 2, 1]
