Trucks:
1: [22, 3, 30]
2: [16, 2, 4]
3: [12, 3, 2]
4: [29, 2, 5]
5: [25, 3, 27]
6: [13, 1, 11]
7: [21, 3, 1]
8: [23, 1, 3]
9: [26, 1, 2]
10: [9, 1, 21]
11: [15, 2, 27]
12: [24, 3, 29]
13: [1, 4, 3]
14: [5, 3, 3]
15: [30, 2, 1]
16: [18, 2, 2]
17: [6, 1, 28]
18: [14, 4, 30]
19: [17, 2, 5]
20: [3, 4, 25]
21: [28, 1, 29]
22: [11, 2, 29]
23: [10, 1, 26]
24: [4, 4, 26]
25: [7, 2, 2]
26: [20, 1, 30]
27: [2, 1, 24]
28: [19, 3, 4]
29: [27, 1, 1]
30: [8, 1, 1]
Technicians:
1: [8, 4, 19]
2: [9, 5, 20]
3: [10, 4, 4]
4: [11, 4, 19]
5: [29, 5, 6]
6: [16, 4, 1]
7: [15, 4, 4]
8: [20, 2, 19]
9: [22, 3, 19]
10: [14, 5, 19]
11: [30, 5, 18]
12: [21, 5, 6]
13: [3, 5, 6]
14: [6, 5, 16]
15: [27, 3, 18]
16: [23, 5, 5]
17: [12, 2, 18]
18: [13, 5, 19]
19: [1, 4, 7]
20: [19, 5, 7]
21: [5, 4, 19]
22: [25, 4, 7]
23: [17, 5, 19]
24: [26, 5, 19]
25: [18, 5, 19]
26: [2, 2, 7]
27: [24, 2, 7]
28: [28, 5, 5]
29: [7, 3, 1]
30: [4, 4, 19]
Workdays:
1: [0, 0, 1, 1, 0]
2: [0, 0, 0, 0, 0]
3: [0, 0, 0, 0, 0]
4: [0, 0, 0, 1, 0]
5: [0, 0, 0, 0, 1]
6: [0, 0, 0, 0, 1]
7: [0, 1, 0, 1, 1]
8: [0, 0, 0, 0, 0]
9: [0, 0, 0, 0, 0]
10: [0, 0, 0, 0, 0]
11: [0, 0, 0, 0, 0]
12: [0, 0, 0, 0, 0]
13: [0, 0, 0, 0, 0]
14: [0, 0, 0, 0, 0]
15: [0, 0, 0, 0, 0]
16: [0, 0, 0, 0, 1]
17: [0, 0, 0, 0, 0]
18: [0, 1, 1, 0, 1]
19: [0, 1, 1, 1, 1]
20: [0, 0, 0, 0, 1]
Order:[13, 27, 20, 24, 14, 17, 25, 30, 10, 23, 22, 3, 6, 18, 11, 2, 19, 16, 28, 26, 7, 1, 8, 12, 5, 9, 29, 21, 4, 15]
