Trucks:
1: [150, 1, 17]
2: [149, 1, 16]
3: [148, 1, 16]
4: [147, 1, 15]
5: [146, 1, 14]
6: [145, 1, 15]
7: [144, 1, 13]
8: [143, 1, 14]
9: [142, 1, 14]
10: [141, 1, 13]
11: [140, 1, 11]
12: [139, 1, 12]
13: [138, 1, 13]
14: [137, 1, 11]
15: [136, 1, 12]
16: [135, 1, 11]
17: [134, 1, 10]
18: [133, 1, 10]
19: [132, 1, 9]
20: [131, 1, 8]
21: [130, 1, 9]
22: [129, 1, 8]
23: [128, 1, 7]
24: [127, 1, 7]
25: [126, 1, 7]
26: [125, 1, 6]
27: [124, 1, 6]
28: [123, 1, 6]
29: [122, 1, 4]
30: [121, 1, 6]
31: [120, 1, 5]
32: [119, 1, 5]
33: [118, 1, 4]
34: [117, 1, 4]
35: [116, 1, 3]
36: [115, 1, 2]
37: [114, 1, 1]
38: [113, 1, 1]
39: [112, 1, 3]
40: [111, 1, 2]
41: [110, 1, 1]
42: [109, 1, 1]
43: [108, 2, 9]
44: [107, 2, 10]
45: [106, 2, 9]
46: [105, 2, 9]
47: [104, 2, 8]
48: [103, 2, 8]
49: [102, 2, 8]
50: [101, 2, 8]
51: [100, 2, 7]
52: [99, 2, 7]
53: [98, 2, 7]
54: [97, 2, 6]
55: [96, 2, 4]
56: [95, 2, 5]
57: [94, 2, 6]
58: [93, 2, 5]
59: [92, 2, 4]
60: [91, 2, 4]
61: [90, 2, 3]
62: [89, 2, 4]
63: [88, 2, 3]
64: [87, 2, 3]
65: [86, 2, 3]
66: [85, 2, 2]
67: [84, 2, 2]
68: [83, 2, 2]
69: [82, 2, 1]
70: [81, 2, 1]
71: [80, 2, 1]
72: [79, 3, 18]
73: [78, 3, 17]
74: [77, 3, 18]
75: [76, 3, 17]
76: [75, 3, 16]
77: [74, 3, 16]
78: [73, 3, 16]
79: [72, 3, 13]
80: [71, 3, 15]
81: [70, 3, 14]
82: [69, 3, 15]
83: [68, 3, 14]
84: [67, 3, 13]
85: [66, 3, 13]
86: [65, 3, 12]
87: [64, 3, 7]
88: [63, 3, 11]
89: [62, 3, 12]
90: [61, 3, 11]
91: [60, 3, 10]
92: [59, 3, 10]
93: [58, 3, 9]
94: [57, 3, 9]
95: [56, 3, 8]
96: [55, 3, 8]
97: [54, 3, 5]
98: [53, 3, 7]
99: [52, 3, 7]
100: [51, 3, 6]
101: [50, 3, 4]
102: [49, 3, 6]
103: [48, 3, 5]
104: [47, 3, 5]
105: [46, 3, 4]
106: [45, 3, 4]
107: [44, 3, 4]
108: [43, 3, 3]
109: [42, 3, 3]
110: [41, 3, 3]
111: [40, 3, 2]
112: [39, 3, 2]
113: [38, 3, 1]
114: [37, 3, 1]
115: [36, 4, 13]
116: [35, 4, 16]
117: [34, 4, 15]
118: [33, 4, 12]
119: [32, 4, 12]
120: [31, 4, 11]
121: [30, 4, 14]
122: [29, 4, 13]
123: [28, 4, 12]
124: [27, 4, 7]
125: [26, 4, 11]
126: [25, 4, 10]
127: [24, 4, 10]
128: [23, 4, 9]
129: [22, 4, 8]
130: [21, 4, 9]
131: [20, 4, 7]
132: [19, 4, 8]
133: [18, 4, 7]
134: [17, 4, 7]
135: [16, 4, 6]
136: [15, 4, 6]
137: [14, 4, 5]
138: [13, 4, 5]
139: [12, 4, 4]
140: [11, 4, 3]
141: [10, 4, 4]
142: [9, 4, 3]
143: [8, 4, 2]
144: [7, 4, 2]
145: [6, 4, 3]
146: [5, 4, 2]
147: [4, 4, 2]
148: [3, 4, 1]
149: [2, 4, 1]
150: [1, 4, 13]
Technicians:
1: [150, 2, 14]
2: [149, 2, 11]
3: [148, 2, 3]
4: [147, 2, 11]
5: [146, 2, 11]
6: [145, 2, 3]
7: [144, 2, 3]
8: [143, 2, 3]
9: [142, 2, 11]
10: [141, 2, 2]
11: [140, 2, 2]
12: [139, 2, 11]
13: [138, 2, 11]
14: [137, 2, 2]
15: [136, 2, 2]
16: [135, 2, 2]
17: [134, 2, 11]
18: [133, 2, 2]
19: [132, 2, 2]
20: [131, 2, 11]
21: [130, 2, 2]
22: [129, 2, 11]
23: [128, 2, 10]
24: [127, 2, 1]
25: [126, 2, 10]
26: [125, 2, 10]
27: [124, 2, 10]
28: [123, 2, 1]
29: [122, 2, 1]
30: [121, 2, 10]
31: [120, 2, 10]
32: [119, 2, 1]
33: [118, 2, 10]
34: [117, 2, 5]
35: [116, 2, 5]
36: [115, 2, 5]
37: [114, 2, 1]
38: [113, 2, 5]
39: [112, 2, 5]
40: [111, 2, 5]
41: [110, 2, 1]
42: [109, 2, 5]
43: [108, 3, 2]
44: [107, 3, 11]
45: [106, 3, 2]
46: [105, 3, 2]
47: [104, 3, 11]
48: [103, 3, 2]
49: [102, 3, 11]
50: [101, 3, 2]
51: [100, 3, 11]
52: [99, 3, 1]
53: [98, 3, 10]
54: [97, 3, 10]
55: [96, 3, 10]
56: [95, 3, 10]
57: [94, 3, 10]
58: [93, 3, 1]
59: [92, 3, 10]
60: [91, 3, 10]
61: [90, 3, 5]
62: [89, 3, 5]
63: [88, 3, 1]
64: [87, 3, 5]
65: [86, 3, 5]
66: [85, 3, 5]
67: [84, 3, 5]
68: [83, 3, 1]
69: [82, 3, 1]
70: [81, 3, 1]
71: [78, 3, 5]
72: [80, 4, 4]
73: [79, 4, 4]
74: [77, 4, 11]
75: [75, 4, 4]
76: [76, 4, 4]
77: [73, 4, 4]
78: [74, 4, 4]
79: [72, 4, 3]
80: [71, 4, 11]
81: [70, 4, 11]
82: [69, 4, 3]
83: [68, 4, 10]
84: [67, 4, 3]
85: [66, 4, 3]
86: [65, 4, 3]
87: [64, 4, 10]
88: [63, 4, 3]
89: [62, 4, 10]
90: [61, 4, 2]
91: [60, 4, 10]
92: [59, 4, 10]
93: [58, 4, 2]
94: [57, 4, 2]
95: [56, 4, 2]
96: [55, 4, 10]
97: [54, 4, 2]
98: [53, 4, 2]
99: [52, 4, 2]
100: [51, 4, 10]
101: [50, 4, 2]
102: [49, 4, 1]
103: [48, 4, 1]
104: [47, 4, 5]
105: [46, 4, 1]
106: [45, 4, 5]
107: [44, 4, 5]
108: [43, 4, 1]
109: [42, 4, 1]
110: [41, 4, 1]
111: [40, 4, 5]
112: [39, 4, 5]
113: [38, 4, 5]
114: [37, 4, 5]
115: [36, 5, 3]
116: [35, 5, 3]
117: [34, 5, 3]
118: [33, 5, 11]
119: [32, 5, 3]
120: [31, 5, 2]
121: [30, 5, 11]
122: [29, 5, 11]
123: [28, 5, 10]
124: [27, 5, 2]
125: [26, 5, 10]
126: [25, 5, 2]
127: [24, 5, 2]
128: [23, 5, 2]
129: [22, 5, 10]
130: [21, 5, 10]
131: [20, 5, 10]
132: [19, 5, 2]
133: [18, 5, 2]
134: [17, 5, 2]
135: [16, 5, 1]
136: [15, 5, 10]
137: [14, 5, 10]
138: [13, 5, 1]
139: [12, 5, 1]
140: [11, 5, 1]
141: [10, 5, 5]
142: [9, 5, 1]
143: [8, 5, 1]
144: [7, 5, 5]
145: [6, 5, 5]
146: [5, 5, 5]
147: [4, 5, 5]
148: [3, 5, 5]
149: [2, 5, 5]
150: [1, 5, 3]
Workdays:
1: [0, 1, 1, 1, 1, 0, 0, 0, 0, 0]
2: [0, 1, 1, 1, 1, 0, 0, 0, 0, 0]
3: [0, 1, 0, 1, 1, 0, 0, 0, 0, 0]
4: [0, 0, 0, 1, 0, 0, 0, 0, 0, 0]
5: [0, 1, 1, 1, 1, 0, 0, 0, 0, 0]
6: [0, 0, 0, 0, 0, 0, 0, 0, 0, 0]
7: [0, 0, 0, 0, 0, 0, 0, 0, 0, 0]
8: [0, 0, 0, 0, 0, 0, 0, 0, 0, 0]
9: [0, 0, 0, 0, 0, 0, 0, 0, 0, 0]
10: [0, 1, 1, 1, 1, 0, 0, 0, 0, 0]
11: [0, 1, 1, 1, 1, 0, 0, 0, 0, 0]
12: [0, 0, 0, 0, 0, 0, 0, 0, 0, 0]
13: [0, 0, 0, 0, 0, 0, 0, 0, 0, 0]
14: [0, 1, 0, 0, 0, 0, 0, 0, 0, 0]
15: [0, 0, 0, 0, 0, 0, 0, 0, 0, 0]
16: [0, 0, 0, 0, 0, 0, 0, 0, 0, 0]
17: [0, 0, 0, 0, 0, 0, 0, 0, 0, 0]
18: [0, 0, 0, 0, 0, 0, 0, 0, 0, 0]
19: [0, 0, 0, 0, 0, 0, 0, 0, 0, 0]
20: [0, 0, 0, 0, 0, 0, 0, 0, 0, 0]
21: [0, 0, 0, 0, 0, 0, 0, 0, 0, 0]
22: [0, 0, 0, 0, 0, 0, 0, 0, 0, 0]
23: [0, 0, 0, 0, 0, 0, 0, 0, 0, 0]
24: [0, 0, 0, 0, 0, 0, 0, 0, 0, 0]
25: [0, 0, 0, 0, 0, 0, 0, 0, 0, 0]
26: [0, 0, 0, 0, 0, 0, 0, 0, 0, 0]
27: [0, 0, 0, 0, 0, 0, 0, 0, 0, 0]
28: [0, 0, 0, 0, 0, 0, 0, 0, 0, 0]
29: [0, 0, 0, 0, 0, 0, 0, 0, 0, 0]
30: [0, 0, 0, 0, 0, 0, 0, 0, 0, 0]
31: [0, 0, 0, 0, 0, 0, 0, 0, 0, 0]
32: [0, 0, 0, 0, 0, 0, 0, 0, 0, 0]
33: [0, 0, 0, 0, 0, 0, 0, 0, 0, 0]
34: [0, 0, 0, 0, 0, 0, 0, 0, 0, 0]
35: [0, 0, 0, 0, 0, 0, 0, 0, 0, 0]
36: [0, 0, 0, 0, 0, 0, 0, 0, 0, 0]
37: [0, 0, 0, 0, 0, 0, 0, 0, 0, 0]
38: [0, 0, 0, 0, 0, 0, 0, 0, 0, 0]
39: [0, 0, 0, 0, 0, 0, 0, 0, 0, 0]
40: [0, 0, 0, 0, 0, 0, 0, 0, 0, 0]
41: [0, 0, 0, 0, 0, 0, 0, 0, 0, 0]
42: [0, 0, 0, 0, 0, 0, 0, 0, 0, 0]
43: [0, 0, 0, 0, 0, 0, 0, 0, 0, 0]
44: [0, 0, 0, 0, 0, 0, 0, 0, 0, 0]
45: [0, 0, 0, 0, 0, 0, 0, 0, 0, 0]
46: [0, 0, 0, 0, 0, 0, 0, 0, 0, 0]
47: [0, 0, 0, 0, 0, 0, 0, 0, 0, 0]
48: [0, 0, 0, 0, 0, 0, 0, 0, 0, 0]
49: [0, 0, 0, 0, 0, 0, 0, 0, 0, 0]
50: [0, 0, 0, 0, 0, 0, 0, 0, 0, 0]
Order:[150, 149, 148, 147, 146, 145, 144, 143, 142, 141, 140, 139, 138, 137, 136, 135, 134, 133, 132, 131, 130, 129, 128, 127, 126, 125, 124, 123, 122, 121, 120, 119, 118, 117, 116, 115, 114, 113, 112, 111, 110, 109, 108, 107, 106, 105, 104, 103, 102, 101, 100, 99, 98, 97, 96, 95, 94, 93, 92, 91, 90, 89, 88, 87, 86, 85, 84, 83, 82, 81, 80, 79, 78, 77, 76, 75, 74, 73, 72, 71, 70, 69, 68, 67, 66, 65, 64, 63, 62, 61, 60, 59, 58, 57, 56, 55, 54, 53, 52, 51, 50, 49, 48, 47, 46, 45, 44, 43, 42, 41, 40, 39, 38, 37, 36, 35, 34, 33, 32, 31, 30, 29, 28, 27, 26, 25, 24, 23, 22, 21, 20, 19, 18, 17, 16, 15, 14, 13, 12, 11, 10, 9, 8, 7, 6, 5, 4, 3, 2, 1]
Cost:0
