Trucks:
1: [150, 1, 24]
2: [149, 1, 24]
3: [148, 1, 23]
4: [147, 1, 19]
5: [146, 1, 22]
6: [145, 1, 21]
7: [144, 1, 20]
8: [143, 1, 19]
9: [142, 1, 18]
10: [141, 1, 17]
11: [140, 1, 17]
12: [139, 1, 16]
13: [138, 1, 15]
14: [137, 1, 14]
15: [136, 1, 14]
16: [135, 1, 13]
17: [134, 1, 11]
18: [133, 1, 12]
19: [132, 1, 6]
20: [131, 1, 13]
21: [130, 1, 12]
22: [129, 1, 11]
23: [128, 1, 10]
24: [127, 1, 9]
25: [126, 1, 5]
26: [125, 1, 8]
27: [124, 1, 7]
28: [123, 1, 6]
29: [122, 1, 2]
30: [121, 1, 5]
31: [120, 1, 4]
32: [119, 1, 4]
33: [118, 1, 3]
34: [117, 1, 2]
35: [116, 1, 1]
36: [115, 2, 31]
37: [114, 2, 30]
38: [113, 2, 30]
39: [112, 2, 29]
40: [111, 2, 28]
41: [110, 2, 27]
42: [109, 2, 20]
43: [108, 2, 26]
44: [107, 2, 15]
45: [106, 2, 25]
46: [105, 2, 24]
47: [104, 2, 23]
48: [103, 2, 18]
49: [102, 2, 22]
50: [101, 2, 21]
51: [100, 2, 8]
52: [99, 2, 20]
53: [98, 2, 19]
54: [97, 2, 18]
55: [96, 2, 17]
56: [95, 2, 16]
57: [94, 2, 16]
58: [93, 2, 15]
59: [92, 2, 13]
60: [91, 2, 14]
61: [90, 2, 13]
62: [89, 2, 12]
63: [88, 2, 12]
64: [87, 2, 11]
65: [86, 2, 10]
66: [85, 2, 9]
67: [84, 2, 8]
68: [83, 2, 7]
69: [82, 2, 6]
70: [81, 2, 5]
71: [80, 2, 3]
72: [79, 2, 4]
73: [78, 2, 3]
74: [77, 2, 2]
75: [76, 2, 1]
76: [75, 3, 23]
77: [74, 3, 23]
78: [73, 3, 21]
79: [72, 3, 22]
80: [71, 3, 21]
81: [70, 3, 20]
82: [69, 3, 18]
83: [68, 3, 19]
84: [67, 3, 15]
85: [66, 3, 18]
86: [65, 3, 16]
87: [64, 3, 13]
88: [63, 3, 17]
89: [62, 3, 16]
90: [61, 3, 15]
91: [60, 3, 14]
92: [59, 3, 10]
93: [58, 3, 4]
94: [57, 3, 13]
95: [56, 3, 12]
96: [55, 3, 11]
97: [54, 3, 10]
98: [53, 3, 9]
99: [52, 3, 9]
100: [51, 3, 8]
101: [50, 3, 7]
102: [49, 3, 6]
103: [48, 3, 6]
104: [47, 3, 5]
105: [46, 3, 3]
106: [45, 3, 4]
107: [44, 3, 3]
108: [43, 3, 1]
109: [42, 3, 2]
110: [41, 3, 1]
111: [40, 4, 25]
112: [39, 4, 24]
113: [38, 4, 25]
114: [37, 4, 20]
115: [36, 4, 24]
116: [35, 4, 23]
117: [34, 4, 22]
118: [33, 4, 21]
119: [32, 4, 20]
120: [31, 4, 19]
121: [30, 4, 19]
122: [29, 4, 17]
123: [28, 4, 18]
124: [27, 4, 16]
125: [26, 4, 17]
126: [25, 4, 16]
127: [24, 4, 14]
128: [23, 4, 15]
129: [22, 4, 14]
130: [21, 4, 11]
131: [20, 4, 13]
132: [19, 4, 12]
133: [18, 4, 11]
134: [17, 4, 9]
135: [16, 4, 10]
136: [15, 4, 9]
137: [14, 4, 8]
138: [13, 4, 8]
139: [12, 4, 7]
140: [11, 4, 7]
141: [10, 4, 6]
142: [9, 4, 1]
143: [8, 4, 6]
144: [7, 4, 5]
145: [6, 4, 1]
146: [5, 4, 4]
147: [4, 4, 3]
148: [3, 4, 2]
149: [2, 4, 1]
150: [1, 4, 26]
Technicians:
1: [150, 2, 6]
2: [149, 2, 6]
3: [148, 2, 6]
4: [147, 2, 6]
5: [146, 2, 6]
6: [145, 2, 2]
7: [144, 2, 6]
8: [143, 2, 6]
9: [142, 2, 5]
10: [141, 2, 5]
11: [140, 2, 5]
12: [139, 2, 5]
13: [138, 2, 5]
14: [137, 2, 5]
15: [136, 2, 2]
16: [135, 2, 2]
17: [134, 2, 1]
18: [133, 2, 5]
19: [132, 2, 1]
20: [131, 2, 1]
21: [130, 2, 4]
22: [129, 2, 1]
23: [128, 2, 4]
24: [127, 2, 4]
25: [126, 2, 4]
26: [125, 2, 1]
27: [124, 2, 1]
28: [123, 2, 1]
29: [122, 2, 1]
30: [121, 2, 4]
31: [120, 2, 4]
32: [119, 2, 4]
33: [118, 2, 4]
34: [117, 2, 1]
35: [116, 2, 4]
36: [115, 3, 6]
37: [114, 3, 6]
38: [113, 3, 6]
39: [112, 3, 6]
40: [111, 3, 6]
41: [110, 3, 2]
42: [109, 3, 2]
43: [108, 3, 6]
44: [107, 3, 2]
45: [106, 3, 6]
46: [105, 3, 2]
47: [104, 3, 2]
48: [103, 3, 6]
49: [102, 3, 6]
50: [101, 3, 6]
51: [100, 3, 1]
52: [99, 3, 1]
53: [98, 3, 5]
54: [97, 3, 5]
55: [96, 3, 5]
56: [95, 3, 5]
57: [94, 3, 5]
58: [93, 3, 1]
59: [92, 3, 5]
60: [91, 3, 5]
61: [90, 3, 4]
62: [89, 3, 4]
63: [88, 3, 4]
64: [87, 3, 4]
65: [86, 3, 1]
66: [85, 3, 4]
67: [84, 3, 1]
68: [83, 3, 4]
69: [82, 3, 1]
70: [81, 3, 4]
71: [80, 3, 1]
72: [79, 3, 4]
73: [78, 3, 1]
74: [77, 3, 1]
75: [76, 3, 4]
76: [75, 4, 5]
77: [74, 4, 5]
78: [73, 4, 3]
79: [72, 4, 3]
80: [71, 4, 2]
81: [70, 4, 2]
82: [69, 4, 5]
83: [68, 4, 5]
84: [67, 4, 2]
85: [66, 4, 5]
86: [65, 4, 5]
87: [64, 4, 2]
88: [63, 4, 2]
89: [62, 4, 4]
90: [61, 4, 2]
91: [60, 4, 2]
92: [59, 4, 4]
93: [58, 4, 2]
94: [57, 4, 2]
95: [56, 4, 4]
96: [55, 4, 4]
97: [54, 4, 4]
98: [53, 4, 4]
99: [52, 4, 4]
100: [51, 4, 1]
101: [50, 4, 1]
102: [49, 4, 4]
103: [48, 4, 4]
104: [47, 4, 1]
105: [46, 4, 1]
106: [45, 4, 1]
107: [44, 4, 1]
108: [43, 4, 1]
109: [42, 4, 1]
110: [41, 4, 1]
111: [40, 5, 3]
112: [39, 5, 3]
113: [38, 5, 3]
114: [37, 5, 3]
115: [36, 5, 5]
116: [35, 5, 5]
117: [34, 5, 5]
118: [33, 5, 5]
119: [32, 5, 3]
120: [31, 5, 5]
121: [30, 5, 5]
122: [29, 5, 2]
123: [28, 5, 2]
124: [27, 5, 2]
125: [26, 5, 2]
126: [25, 5, 5]
127: [24, 5, 2]
128: [23, 5, 4]
129: [22, 5, 4]
130: [21, 5, 2]
131: [20, 5, 2]
132: [19, 5, 2]
133: [18, 5, 2]
134: [17, 5, 4]
135: [16, 5, 4]
136: [15, 5, 4]
137: [14, 5, 1]
138: [13, 5, 1]
139: [12, 5, 4]
140: [11, 5, 1]
141: [10, 5, 1]
142: [9, 5, 1]
143: [8, 5, 4]
144: [7, 5, 1]
145: [6, 5, 1]
146: [5, 5, 1]
147: [4, 5, 4]
148: [3, 5, 4]
149: [2, 5, 1]
150: [1, 5, 3]
Workdays:
1: [0, 1, 1, 1, 1, 0, 0, 0, 0, 0]
2: [0, 1, 1, 1, 1, 0, 0, 0, 0, 0]
3: [0, 0, 0, 1, 1, 0, 0, 0, 0, 0]
4: [0, 1, 1, 1, 1, 0, 0, 0, 0, 0]
5: [0, 1, 1, 1, 1, 0, 0, 0, 0, 0]
6: [0, 1, 1, 0, 0, 0, 0, 0, 0, 0]
7: [0, 0, 0, 0, 0, 0, 0, 0, 0, 0]
8: [0, 0, 0, 0, 0, 0, 0, 0, 0, 0]
9: [0, 0, 0, 0, 0, 0, 0, 0, 0, 0]
10: [0, 0, 0, 0, 0, 0, 0, 0, 0, 0]
11: [0, 0, 0, 0, 0, 0, 0, 0, 0, 0]
12: [0, 0, 0, 0, 0, 0, 0, 0, 0, 0]
13: [0, 0, 0, 0, 0, 0, 0, 0, 0, 0]
14: [0, 0, 0, 0, 0, 0, 0, 0, 0, 0]
15: [0, 0, 0, 0, 0, 0, 0, 0, 0, 0]
16: [0, 0, 0, 0, 0, 0, 0, 0, 0, 0]
17: [0, 0, 0, 0, 0, 0, 0, 0, 0, 0]
18: [0, 0, 0, 0, 0, 0, 0, 0, 0, 0]
19: [0, 0, 0, 0, 0, 0, 0, 0, 0, 0]
20: [0, 0, 0, 0, 0, 0, 0, 0, 0, 0]
21: [0, 0, 0, 0, 0, 0, 0, 0, 0, 0]
22: [0, 0, 0, 0, 0, 0, 0, 0, 0, 0]
23: [0, 0, 0, 0, 0, 0, 0, 0, 0, 0]
24: [0, 0, 0, 0, 0, 0, 0, 0, 0, 0]
25: [0, 0, 0, 0, 0, 0, 0, 0, 0, 0]
26: [0, 0, 0, 0, 0, 0, 0, 0, 0, 0]
27: [0, 0, 0, 0, 0, 0, 0, 0, 0, 0]
28: [0, 0, 0, 0, 0, 0, 0, 0, 0, 0]
29: [0, 0, 0, 0, 0, 0, 0, 0, 0, 0]
30: [0, 0, 0, 0, 0, 0, 0, 0, 0, 0]
31: [0, 0, 0, 0, 0, 0, 0, 0, 0, 0]
32: [0, 0, 0, 0, 0, 0, 0, 0, 0, 0]
33: [0, 0, 0, 0, 0, 0, 0, 0, 0, 0]
34: [0, 0, 0, 0, 0, 0, 0, 0, 0, 0]
35: [0, 0, 0, 0, 0, 0, 0, 0, 0, 0]
36: [0, 0, 0, 0, 0, 0, 0, 0, 0, 0]
37: [0, 0, 0, 0, 0, 0, 0, 0, 0, 0]
38: [0, 0, 0, 0, 0, 0, 0, 0, 0, 0]
39: [0, 0, 0, 0, 0, 0, 0, 0, 0, 0]
40: [0, 0, 0, 0, 0, 0, 0, 0, 0, 0]
41: [0, 0, 0, 0, 0, 0, 0, 0, 0, 0]
42: [0, 0, 0, 0, 0, 0, 0, 0, 0, 0]
43: [0, 0, 0, 0, 0, 0, 0, 0, 0, 0]
44: [0, 0, 0, 0, 0, 0, 0, 0, 0, 0]
45: [0, 0, 0, 0, 0, 0, 0, 0, 0, 0]
46: [0, 0, 0, 0, 0, 0, 0, 0, 0, 0]
47: [0, 0, 0, 0, 0, 0, 0, 0, 0, 0]
48: [0, 0, 0, 0, 0, 0, 0, 0, 0, 0]
49: [0, 0, 0, 0, 0, 0, 0, 0, 0, 0]
50: [0, 0, 0, 0, 0, 0, 0, 0, 0, 0]
Order:[150, 149, 148, 147, 146, 145, 144, 143, 142, 141, 140, 139, 138, 137, 136, 135, 134, 133, 132, 131, 130, 129, 128, 127, 126, 125, 124, 123, 122, 121, 120, 119, 118, 117, 116, 115, 114, 113, 112, 111, 110, 109, 108, 107, 106, 105, 104, 103, 102, 101, 100, 99, 98, 97, 96, 95, 94, 93, 92, 91, 90, 89, 88, 87, 86, 85, 84, 83, 82, 81, 80, 79, 78, 77, 76, 75, 74, 73, 72, 71, 70, 69, 68, 67, 66, 65, 64, 63, 62, 61, 60, 59, 58, 57, 56, 55, 54, 53, 52, 51, 50, 49, 48, 47, 46, 45, 44, 43, 42, 41, 40, 39, 38, 37, 36, 35, 34, 33, 32, 31, 30, 29, 28, 27, 26, 25, 24, 23, 22, 21, 20, 19, 18, 17, 16, 15, 14, 13, 12, 11, 10, 9, 8, 7, 6, 5, 4, 3, 2, 1]
Cost:0
